000000000000000000000000
000100001000101001001111
001000001100110000101100
001100000111111001011111
001111110101110000101000
010011010010010001101010
010110011001101011000101
011001001000100010100010
011011011011111000100100
011101010001001011110010
011110100110011011110001
011111011010001011001001
011111101011100001010001
011111011010001011001001
011110100110011011110001
011101010001001011110010
011011011011111000100100
011001001000100010100010
010110011001101011000101
010011010010010001101010
001111110101110000101000
001100000111111001011111
001000001100110000101100
000100001000101001001111
000000000000000000000000
111011110111010110110001
110111110011001111010100
110011111000000110100001
110000001010001111011000
101100101101101110010110
101001100110010100111011
100110110111011101011110
100100100100000111011100
100010101110110100001110
100001011001100100001111
100000100101110100110111
100000010100011110101111
100000100101110100110111
100001011001100100001111
100010101110110100001110
100100100100000111011100
100110110111011101011110
101001100110010100111011
101100101101101110010110
110000001010001111011000
110011111000000110100001
110111110011001111010100
111011110111010110110001
000000000000000000000000
000100001000101001001111
001000001100110000101100
001100000111111001011111
001111110101110000101000
010011010010010001101010
010110011001101011000101
011001001000100010100010
011011011011111000100100
011101010001001011110010
011110100110011011110001
011111011010001011001001
011111101011100001010001
011111011010001011001001
011110100110011011110001
011101010001001011110010
011011011011111000100100
011001001000100010100010
010110011001101011000101
010011010010010001101010
001111110101110000101000
001100000111111001011111
001000001100110000101100
000100001000101001001111
000000000000000000000000
111011110111010110110001
110111110011001111010100
110011111000000110100001
110000001010001111011000
101100101101101110010110
101001100110010100111011
100110110111011101011110
100100100100000111011100
100010101110110100001110
100001011001100100001111
100000100101110100110111
100000010100011110101111
100000100101110100110111
100001011001100100001111
100010101110110100001110
100100100100000111011100
100110110111011101011110
101001100110010100111011
101100101101101110010110
110000001010001111011000
110011111000000110100001
110111110011001111010100
111011110111010110110001
000000000000000000000000
000100001000101001001111
001000001100110000101100
001100000111111001011111
001111110101110000101000
010011010010010001101010
010110011001101011000101
011001001000100010100010
011011011011111000100100
011101010001001011110010
011110100110011011110001
011111011010001011001001
011111101011100001010001
011111011010001011001001
011110100110011011110001
011101010001001011110010
011011011011111000100100
011001001000100010100010
010110011001101011000101
010011010010010001101010
001111110101110000101000
001100000111111001011111
001000001100110000101100
000100001000101001001111
000000000000000000000000
111011110111010110110001
110111110011001111010100
110011111000000110100001
110000001010001111011000
101100101101101110010110
101001100110010100111011
100110110111011101011110
100100100100000111011100
100010101110110100001110
100001011001100100001111
100000100101110100110111
100000010100011110101111
100000100101110100110111
100001011001100100001111
100010101110110100001110
100100100100000111011100
100110110111011101011110
101001100110010100111011
101100101101101110010110
110000001010001111011000
110011111000000110100001
110111110011001111010100
111011110111010110110001
000000000000000000000000
000100001000101001001111
001000001100110000101100
001100000111111001011111
001111110101110000101000
010011010010010001101010
010110011001101011000101
011001001000100010100010
011011011011111000100100
011101010001001011110010
011110100110011011110001
011111011010001011001001
011111101011100001010001
011111011010001011001001
011110100110011011110001
011101010001001011110010
011011011011111000100100
011001001000100010100010
010110011001101011000101
010011010010010001101010
001111110101110000101000
001100000111111001011111
001000001100110000101100
000100001000101001001111
000000000000000000000000
111011110111010110110001
110111110011001111010100
110011111000000110100001
110000001010001111011000
101100101101101110010110
101001100110010100111011
100110110111011101011110
100100100100000111011100
100010101110110100001110
100001011001100100001111
100000100101110100110111
100000010100011110101111
100000100101110100110111
100001011001100100001111
100010101110110100001110
100100100100000111011100
100110110111011101011110
101001100110010100111011
101100101101101110010110
110000001010001111011000
110011111000000110100001
110111110011001111010100
111011110111010110110001
000000000000000000000000
000100001000101001001111
001000001100110000101100
001100000111111001011111
001111110101110000101000
010011010010010001101010
010110011001101011000101
011001001000100010100010
011011011011111000100100
011101010001001011110010
011110100110011011110001
011111011010001011001001
011111101011100001010001
011111011010001011001001
011110100110011011110001
011101010001001011110010
011011011011111000100100
011001001000100010100010
010110011001101011000101
010011010010010001101010
001111110101110000101000
001100000111111001011111
001000001100110000101100
000100001000101001001111
000000000000000000000000
111011110111010110110001
110111110011001111010100
110011111000000110100001
110000001010001111011000
101100101101101110010110
101001100110010100111011
100110110111011101011110
100100100100000111011100
100010101110110100001110
100001011001100100001111
100000100101110100110111
100000010100011110101111
100000100101110100110111
100001011001100100001111
100010101110110100001110
100100100100000111011100
100110110111011101011110
101001100110010100111011
101100101101101110010110
110000001010001111011000
110011111000000110100001
110111110011001111010100
111011110111010110110001
